; FBX 6.1.0 project file
; Copyright (C) 1997-2010 Autodesk Inc. and/or its licensors.
; All rights reserved.
; ----------------------------------------------------

FBXHeaderExtension:  {
	FBXHeaderVersion: 1003
	FBXVersion: 6100
	CreationTimeStamp:  {
		Version: 1000
		Year: 2018
		Month: 2
		Day: 5
		Hour: 23
		Minute: 58
		Second: 56
		Millisecond: 113
	}
	Creator: "FBX SDK/FBX Plugins version 2016.1"
}

; Document Description
;------------------------------------------------------------------

Document:  {
	Name: ""
}

; Document References
;------------------------------------------------------------------

References:  {
}

; Object definitions
;------------------------------------------------------------------

Definitions:  {
	Version: 100
	Count: 3
	ObjectType: "Model" {
		Count: 1
	}
	ObjectType: "SceneInfo" {
		Count: 1
	}
	ObjectType: "GlobalSettings" {
		Count: 1
	}
}

; Object properties
;------------------------------------------------------------------

Objects:  {
	Model: "Model::Box013", "Mesh" {
		Version: 232
		Properties60:  {
			Property: "QuaternionInterpolate", "enum", "",0
			Property: "RotationOffset", "Vector3D", "",0,0,0
			Property: "RotationPivot", "Vector3D", "",0,0,0
			Property: "ScalingOffset", "Vector3D", "",0,0,0
			Property: "ScalingPivot", "Vector3D", "",0,0,0
			Property: "TranslationActive", "bool", "",0
			Property: "TranslationMin", "Vector3D", "",0,0,0
			Property: "TranslationMax", "Vector3D", "",0,0,0
			Property: "TranslationMinX", "bool", "",0
			Property: "TranslationMinY", "bool", "",0
			Property: "TranslationMinZ", "bool", "",0
			Property: "TranslationMaxX", "bool", "",0
			Property: "TranslationMaxY", "bool", "",0
			Property: "TranslationMaxZ", "bool", "",0
			Property: "RotationOrder", "enum", "",0
			Property: "RotationSpaceForLimitOnly", "bool", "",0
			Property: "RotationStiffnessX", "double", "",0
			Property: "RotationStiffnessY", "double", "",0
			Property: "RotationStiffnessZ", "double", "",0
			Property: "AxisLen", "double", "",10
			Property: "PreRotation", "Vector3D", "",-90,-0,0
			Property: "PostRotation", "Vector3D", "",0,0,0
			Property: "RotationActive", "bool", "",1
			Property: "RotationMin", "Vector3D", "",0,0,0
			Property: "RotationMax", "Vector3D", "",0,0,0
			Property: "RotationMinX", "bool", "",0
			Property: "RotationMinY", "bool", "",0
			Property: "RotationMinZ", "bool", "",0
			Property: "RotationMaxX", "bool", "",0
			Property: "RotationMaxY", "bool", "",0
			Property: "RotationMaxZ", "bool", "",0
			Property: "InheritType", "enum", "",1
			Property: "ScalingActive", "bool", "",0
			Property: "ScalingMin", "Vector3D", "",0,0,0
			Property: "ScalingMax", "Vector3D", "",0,0,0
			Property: "ScalingMinX", "bool", "",0
			Property: "ScalingMinY", "bool", "",0
			Property: "ScalingMinZ", "bool", "",0
			Property: "ScalingMaxX", "bool", "",0
			Property: "ScalingMaxY", "bool", "",0
			Property: "ScalingMaxZ", "bool", "",0
			Property: "GeometricTranslation", "Vector3D", "",0,0,0
			Property: "GeometricRotation", "Vector3D", "",0,0,0
			Property: "GeometricScaling", "Vector3D", "",1,1,1
			Property: "MinDampRangeX", "double", "",0
			Property: "MinDampRangeY", "double", "",0
			Property: "MinDampRangeZ", "double", "",0
			Property: "MaxDampRangeX", "double", "",0
			Property: "MaxDampRangeY", "double", "",0
			Property: "MaxDampRangeZ", "double", "",0
			Property: "MinDampStrengthX", "double", "",0
			Property: "MinDampStrengthY", "double", "",0
			Property: "MinDampStrengthZ", "double", "",0
			Property: "MaxDampStrengthX", "double", "",0
			Property: "MaxDampStrengthY", "double", "",0
			Property: "MaxDampStrengthZ", "double", "",0
			Property: "PreferedAngleX", "double", "",0
			Property: "PreferedAngleY", "double", "",0
			Property: "PreferedAngleZ", "double", "",0
			Property: "LookAtProperty", "object", ""
			Property: "UpVectorProperty", "object", ""
			Property: "Show", "bool", "",1
			Property: "NegativePercentShapeSupport", "bool", "",1
			Property: "DefaultAttributeIndex", "int", "",0
			Property: "Freeze", "bool", "",0
			Property: "LODBox", "bool", "",0
			Property: "Lcl Translation", "Lcl Translation", "A",10.0960655212402,2.60404682159424,-4.68890237808228
			Property: "Lcl Rotation", "Lcl Rotation", "A",0,0,0
			Property: "Lcl Scaling", "Lcl Scaling", "A",0.0858405455946922,0.0858405455946922,0.0858405455946922
			Property: "Visibility", "Visibility", "A",1
			Property: "mr displacement use global settings", "Bool", "AU",1
			Property: "mr displacement view dependent", "Bool", "AU",1
			Property: "mr displacement method", "Integer", "AU",6,0,100
			Property: "mr displacement smoothing on", "Bool", "AU",1
			Property: "mr displacement edge length", "Number", "AU",2,0,100
			Property: "mr displacement max displace", "Number", "AU",20,0,100
			Property: "mr displacement parametric subdivision level", "Integer", "AU",5,0,100
			Property: "UDP3DSMAX", "KString", "U", "MapChannel:1 = UVChannel_1&cr;&lf;"
			Property: "MaxHandle", "int", "UH",11
			Property: "Color", "ColorRGB", "N",0.529411764705882,0.231372549019608,0.0313725490196078
			Property: "BBoxMin", "Vector3D", "N",0,0,0
			Property: "BBoxMax", "Vector3D", "N",0,0,0
			Property: "Primary Visibility", "bool", "N",1
			Property: "Casts Shadows", "bool", "N",1
			Property: "Receive Shadows", "bool", "N",1
		}
		MultiLayer: 0
		MultiTake: 0
		Shading: T
		Culling: "CullingOff"
		Vertices: -84.6937942504883,-2.36157989501953,0,86.4567947387695,-2.36157989501953,0,-84.6937942504883,2.36157989501953,0,86.4567947387695
        ,2.36157989501953,0,-84.6937942504883,-2.36157989501953,2.45079302787781,86.4567947387695,-2.36157989501953,2.45079231262207
        ,-84.6937942504883,2.36157989501953,2.45079302787781,86.4567947387695,2.36157989501953,2.45079231262207,-84.6937942504883
        ,-2.36157989501953,-36.1257171630859,86.4567947387695,-2.36157989501953,-36.1257171630859,-84.6937942504883,2.36157989501953
        ,-36.1257171630859,86.4567947387695,2.36157989501953,-36.1257171630859,-84.6937942504883,-2.36157989501953,-33.6749229431152
        ,86.4567947387695,-2.36157989501953,-33.6749229431152,-84.6937942504883,2.36157989501953,-33.6749229431152,86.4567947387695
        ,2.36157989501953,-33.6749229431152,-84.6438598632813,-107.953384399414,-84.9320678710938,-84.6438751220703,17.3440399169922
        ,-84.9320678710938,-170.127136230469,-107.953384399414,-84.9320678710938,-170.127151489258,17.3440399169922,-84.9320678710938
        ,-84.6438598632813,-107.953384399414,7.22998046875,-84.6438751220703,17.3440399169922,7.22998046875,-126.927581787109
        ,-107.953384399414,53.2351989746094,-126.927597045898,17.3440399169922,53.2351989746094,-170.127136230469,-107.953384399414
        ,7.22998809814453,-170.127151489258,17.3440399169922,7.22998809814453,167.075897216797,-107.953384399414,-84.9320678710938
        ,167.075897216797,17.3440399169922,-84.9320678710938,86.6477813720703,-107.953384399414,-84.9320678710938,86.6477813720703
        ,17.3440322875977,-84.9320678710938,167.075897216797,-107.953384399414,7.22998809814453,167.075897216797,17.3440399169922
        ,7.22998809814453,127.351501464844,-107.95337677002,53.2351989746094,127.351501464844,17.3440399169922,53.2351989746094
        ,86.6477813720703,-107.953384399414,7.22998046875,86.6477813720703,17.3440322875977,7.22998046875,-30.775993347168
        ,-93.8983001708984,-84.5738143920898,-84.8687896728516,-93.8983001708984,-84.5738143920898,-30.7760009765625,-93.8983001708984
        ,21.1033248901367,-30.776008605957,-49.0474433898926,21.1033248901367,-57.822395324707,-93.8983001708984,50.6934509277344
        ,-57.8224029541016,-49.0474433898926,50.6934509277344,-84.8687896728516,-93.8983001708984,21.1033248901367,-84.8688049316406
        ,-49.0474433898926,21.1033248901367,27.6607055664063,-93.8983001708984,-84.5738143920898,-26.4320907592773,-93.8983001708984
        ,-84.5738143920898,27.6607055664063,-93.8983001708984,21.1033248901367,27.6606903076172,-49.0474395751953,21.1033248901367
        ,0.614303588867188,-93.8983001708984,50.6934509277344,0.614288330078125,-49.0474395751953,50.6934509277344,-26.4320983886719
        ,-93.8983001708984,21.1033248901367,-26.4321060180664,-49.0474433898926,21.1033248901367,85.9640502929688,-93.8983001708984
        ,-84.5738143920898,31.8712768554688,-93.8983001708984,-84.5738143920898,85.9640502929688,-93.8983001708984,21.1033248901367
        ,85.9640502929688,-49.0474395751953,21.1033248901367,58.9176635742188,-93.8983001708984,50.6934509277344,58.9176483154297
        ,-49.0474243164063,50.6934509277344,31.8712768554688,-93.8983001708984,21.1033248901367,31.8712615966797,-49.0474395751953
        ,21.1033248901367,-129.391357421875,-93.421501159668,-84.9320678710938,129.501586914063,-93.4214935302734,-84.9320678710938
        ,-129.391357421875,-2.44947814941406,-84.9320678710938,129.501586914063,-2.4494743347168,-84.9320678710938,-129.391357421875
        ,-93.421501159668,7.22998046875,129.501586914063,-93.4214935302734,7.22998046875,-129.391357421875,-47.9354858398438
        ,50.1219482421875,129.501586914063,-47.9354858398438,50.1219482421875,-129.391357421875,-2.44947814941406,7.22998046875
        ,129.501586914063,-2.4494743347168,7.22998046875,81.6183929443359,-44.5063781738281,30.0019607543945,90.3169708251953
        ,-44.5063781738281,30.0019607543945,81.6183929443359,-27.0685863494873,30.0019607543945,90.3169708251953,-27.0685863494873
        ,30.0019607543945,81.6183929443359,-44.5063781738281,77.9931030273438,90.3169708251953,-44.5063781738281,77.9931030273438
        ,81.6183929443359,-27.0685863494873,77.9931030273438,90.3169708251953,-27.0685863494873,77.9931030273438,82.9358215332031
        ,-45.0891647338867,84.3434143066406,88.9995422363281,-45.0891647338867,84.3434143066406,88.9995422363281,-26.4857978820801
        ,84.3434143066406,82.9358215332031,-26.4857978820801,84.3434143066406,91.0176391601563,-45.0891647338867,78.1993865966797
        ,80.917724609375,-45.0891647338867,78.1993865966797,80.917724609375,-26.4857978820801,78.1993865966797,91.0176391601563
        ,-26.4857978820801,78.1993865966797,21.6907958984375,-44.5063743591309,30.0019607543945,39.1287841796875,-44.5063743591309
        ,30.0019607543945,21.6907958984375,-27.0685863494873,30.0019607543945,39.1287841796875,-27.0685844421387,30.0019607543945
        ,21.6907958984375,-44.5063743591309,77.9931030273438,39.1287841796875,-44.5063743591309,77.9931030273438,21.6907958984375
        ,-27.0685863494873,77.9931030273438,39.1287841796875,-27.0685844421387,77.9931030273438,24.3318328857422,-45.0891647338867
        ,84.3434143066406,36.4877471923828,-45.0891647338867,84.3434143066406,36.4877471923828,-26.4857959747314,84.3434143066406
        ,24.3318328857422,-26.4857959747314,84.3434143066406,40.5334320068359,-45.0891647338867,78.1993865966797,20.2861480712891
        ,-45.0891647338867,78.1993865966797,20.2861480712891,-26.4857978820801,78.1993865966797,40.5334320068359,-26.4857959747314
        ,78.1993865966797,-32.8499069213867,-44.5063743591309,30.0019607543945,-15.4119033813477,-44.5063743591309,30.0019607543945
        ,-32.8499069213867,-27.0685863494873,30.0019607543945,-15.4119033813477,-27.0685844421387,30.0019607543945,-32.8499069213867
        ,-44.5063743591309,77.9931030273438,-15.4119033813477,-44.5063743591309,77.9931030273438,-32.8499069213867,-27.0685863494873
        ,77.9931030273438,-15.4119033813477,-27.0685844421387,77.9931030273438,-30.2088623046875,-45.0891647338867,84.3434143066406
        ,-18.0529479980469,-45.0891647338867,84.3434143066406,-18.0529479980469,-26.4857959747314,84.3434143066406,-30.2088623046875
        ,-26.4857978820801,84.3434143066406,-14.0072708129883,-45.0891647338867,78.1993865966797,-34.2545394897461,-45.0891647338867
        ,78.1993865966797,-34.2545394897461,-26.4857978820801,78.1993865966797,-14.0072708129883,-26.4857959747314,78.1993865966797
        ,-93.3663940429688,-44.5063781738281,30.0019607543945,-84.6678161621094,-44.5063781738281,30.0019607543945,-93.3663940429688
        ,-27.0685863494873,30.0019607543945,-84.6678161621094,-27.0685863494873,30.0019607543945,-93.3663940429688,-44.5063781738281
        ,77.9931030273438,-84.6678161621094,-44.5063781738281,77.9931030273438,-93.3663940429688,-27.0685863494873,77.9931030273438
        ,-84.6678161621094,-27.0685863494873,77.9931030273438,-92.0489654541016,-45.0891647338867,84.3434143066406,-85.9852447509766
        ,-45.0891647338867,84.3434143066406,-85.9852447509766,-26.4857978820801,84.3434143066406,-92.0489654541016,-26.4857978820801
        ,84.3434143066406,-83.9671478271484,-45.0891647338867,78.1993865966797,-94.0670623779297,-45.0891647338867,78.1993865966797
        ,-94.0670623779297,-26.4857978820801,78.1993865966797,-83.9671478271484,-26.4857978820801,78.1993865966797,-127.578163146973
        ,-98.2174224853516,30.0019607543945,-110.140167236328,-98.2174224853516,30.0019607543945,-127.578170776367,-80.7796325683594
        ,30.0019607543945,-110.140167236328,-80.7796325683594,30.0019607543945,-127.578163146973,-98.2174224853516,77.9931030273438
        ,-110.140167236328,-98.2174224853516,77.9931030273438,-127.578170776367,-80.7796325683594,77.9931030273438,-110.140167236328
        ,-80.7796325683594,77.9931030273438,-124.937118530273,-98.8002166748047,84.3434143066406,-112.781211853027,-98.8002166748047
        ,84.3434143066406,-112.781211853027,-80.1968460083008,84.3434143066406,-124.937118530273,-80.1968460083008,84.3434143066406
        ,-108.735534667969,-98.8002166748047,78.1993865966797,-128.982803344727,-98.8002166748047,78.1993865966797,-128.982803344727
        ,-80.1968460083008,78.1993865966797,-108.735534667969,-80.1968460083008,78.1993865966797,86.6752624511719,-110.432777404785
        ,0,166.442443847656,-110.432769775391,0,86.6752624511719,-105.709617614746,0,166.442443847656,-105.709609985352,0
        ,86.6752624511719,-110.432777404785,2.45079040527344,166.442443847656,-110.432769775391,2.45079040527344,86.6752624511719
        ,-105.709617614746,2.45079040527344,166.442443847656,-105.709609985352,2.45079040527344,86.6878356933594,-110.432777404785
        ,-36.1257171630859,166.476593017578,-110.432769775391,-36.1257171630859,86.6878356933594,-105.709617614746,-36.1257171630859
        ,166.476593017578,-105.709609985352,-36.1257171630859,86.6878356933594,-110.432777404785,-33.6749229431152,166.476593017578
        ,-110.432769775391,-33.6749229431152,86.6878356933594,-105.709617614746,-33.6749229431152,166.476593017578,-105.709609985352
        ,-33.6749229431152,-84.6937866210938,-97.4332885742188,0,86.456787109375,-97.4332885742188,0,-84.6937866210938,-92.7101287841797
        ,0,86.456787109375,-92.7101287841797,0,-84.6937866210938,-97.4332885742188,2.45079040527344,86.456787109375,-97.4332885742188
        ,2.45079040527344,-84.6937866210938,-92.7101287841797,2.45079040527344,86.456787109375,-92.7101287841797,2.45079040527344
        ,-84.6937866210938,-97.4332885742188,-36.1257171630859,86.456787109375,-97.4332885742188,-36.1257171630859,-84.6937866210938
        ,-92.7101287841797,-36.1257171630859,86.456787109375,-92.7101287841797,-36.1257171630859,-84.6937866210938,-97.4332885742188
        ,-33.6749229431152,86.456787109375,-97.4332885742188,-33.6749229431152,-84.6937866210938,-92.7101287841797,-33.6749229431152
        ,86.456787109375,-92.7101287841797,-33.6749229431152,-169.726333618164,-110.432769775391,0,-84.7235565185547,-110.432769775391
        ,0,-169.726333618164,-105.709609985352,0,-84.7235565185547,-105.709609985352,0,-169.726333618164,-110.432769775391
        ,2.45079040527344,-84.7235565185547,-110.432769775391,2.45079040527344,-169.726333618164,-105.709609985352,2.45079040527344
        ,-84.7235565185547,-105.709609985352,2.45079040527344,-169.713775634766,-110.432769775391,-36.1257171630859,-84.6894226074219
        ,-110.432769775391,-36.1257171630859,-169.713775634766,-105.709609985352,-36.1257171630859,-84.6894226074219,-105.709609985352
        ,-36.1257171630859,-169.713775634766,-110.432769775391,-33.6749229431152,-84.6894226074219,-110.432769775391,-33.6749229431152
        ,-169.713775634766,-105.709609985352,-33.6749229431152,-84.6894226074219,-105.709609985352,-33.6749229431152,135.153747558594
        ,-108.747406005859,6.99685287475586,144.897247314453,-108.747406005859,6.99685287475586,135.153747558594,-107.956604003906
        ,6.99685287475586,144.897247314453,-107.956604003906,6.99685287475586,135.153747558594,-108.747406005859,18.7750949859619
        ,144.897247314453,-108.747406005859,18.7750949859619,135.153747558594,-107.956604003906,18.7750949859619,144.897247314453
        ,-107.956604003906,18.7750949859619,118.202964782715,-108.747406005859,6.99685287475586,127.946449279785,-108.747406005859
        ,6.99685287475586,118.202964782715,-107.956604003906,6.99685287475586,127.946449279785,-107.956604003906,6.99685287475586
        ,118.202964782715,-108.747406005859,18.7750949859619,127.946449279785,-108.747406005859,18.7750949859619,118.202964782715
        ,-107.956604003906,18.7750949859619,127.946449279785,-107.956604003906,18.7750949859619,66.5034103393555,-94.578727722168
        ,6.99685287475586,76.2468948364258,-94.578727722168,6.99685287475586,66.5034103393555,-93.7879257202148,6.99685287475586
        ,76.2468948364258,-93.7879257202148,6.99685287475586,66.5034103393555,-94.578727722168,18.7750949859619,76.2468948364258
        ,-94.578727722168,18.7750949859619,66.5034103393555,-93.7879257202148,18.7750949859619,76.2468948364258,-93.7879257202148
        ,18.7750949859619,49.5526313781738,-94.578727722168,6.99685287475586,59.2961235046387,-94.578727722168,6.99685287475586
        ,49.5526313781738,-93.7879257202148,6.99685287475586,59.2961235046387,-93.7879257202148,6.99685287475586,49.5526313781738
        ,-94.578727722168,18.7750949859619,59.2961235046387,-94.578727722168,18.7750949859619,49.5526313781738,-93.7879257202148
        ,18.7750949859619,59.2961235046387,-93.7879257202148,18.7750949859619,49.5526313781738,-94.578727722168,-26.6652412414551
        ,59.2961235046387,-94.578727722168,-26.6652412414551,49.5526313781738,-93.7879257202148,-26.6652412414551,59.2961235046387
        ,-93.7879257202148,-26.6652412414551,49.5526313781738,-94.578727722168,-14.886999130249,59.2961235046387,-94.578727722168
        ,-14.886999130249,49.5526313781738,-93.7879257202148,-14.886999130249,59.2961235046387,-93.7879257202148,-14.886999130249
        ,35.1012001037598,-94.578727722168,-26.6652412414551,44.8446922302246,-94.578727722168,-26.6652412414551,35.1012001037598
        ,-93.7879257202148,-26.6652412414551,44.8446922302246,-93.7879257202148,-26.6652412414551,35.1012001037598,-94.578727722168
        ,-14.886999130249,44.8446922302246,-94.578727722168,-14.886999130249,35.1012001037598,-93.7879257202148,-14.886999130249
        ,44.8446922302246,-93.7879257202148,-14.886999130249,66.5034103393555,-94.578727722168,-26.6652412414551,76.2468948364258
        ,-94.578727722168,-26.6652412414551,66.5034103393555,-93.7879257202148,-26.6652412414551,76.2468948364258,-93.7879257202148
        ,-26.6652412414551,66.5034103393555,-94.578727722168,-14.886999130249,76.2468948364258,-94.578727722168,-14.886999130249
        ,66.5034103393555,-93.7879257202148,-14.886999130249,76.2468948364258,-93.7879257202148,-14.886999130249,66.5034103393555
        ,-94.578727722168,-60.327335357666,76.2468948364258,-94.578727722168,-60.327335357666,66.5034103393555,-93.7879257202148
        ,-60.327335357666,76.2468948364258,-93.7879257202148,-60.327335357666,66.5034103393555,-94.578727722168,-48.5490951538086
        ,76.2468948364258,-94.578727722168,-48.5490951538086,66.5034103393555,-93.7879257202148,-48.5490951538086,76.2468948364258
        ,-93.7879257202148,-48.5490951538086,49.5526313781738,-94.578727722168,-60.327335357666,59.2961235046387,-94.578727722168
        ,-60.327335357666,49.5526313781738,-93.7879257202148,-60.327335357666,59.2961235046387,-93.7879257202148,-60.327335357666
        ,49.5526313781738,-94.578727722168,-48.5490951538086,59.2961235046387,-94.578727722168,-48.5490951538086,49.5526313781738
        ,-93.7879257202148,-48.5490951538086,59.2961235046387,-93.7879257202148,-48.5490951538086,35.526798248291,-94.6429214477539
        ,-85.1527404785156,45.2702903747559,-94.6429214477539,-85.1527404785156,35.526798248291,-93.8521118164063,-85.1527404785156
        ,45.2702903747559,-93.8521118164063,-85.1527404785156,35.526798248291,-94.6429214477539,-50.4247589111328,45.2702903747559
        ,-94.6429214477539,-50.4247589111328,35.526798248291,-93.8521118164063,-50.4247589111328,45.2702903747559,-93.8521118164063
        ,-50.4247589111328,6.16248035430908,-94.578727722168,-60.327335357666,15.9059705734253,-94.578727722168,-60.327335357666
        ,6.16248035430908,-93.7879257202148,-60.327335357666,15.9059705734253,-93.7879257202148,-60.327335357666,6.16248035430908
        ,-94.578727722168,-48.5490951538086,15.9059705734253,-94.578727722168,-48.5490951538086,6.16248035430908,-93.7879257202148
        ,-48.5490951538086,15.9059705734253,-93.7879257202148,-48.5490951538086,-10.7883024215698,-94.578727722168,-60.327335357666
        ,-1.04481220245361,-94.578727722168,-60.327335357666,-10.7883024215698,-93.7879257202148,-60.327335357666,-1.04481220245361
        ,-93.7879257202148,-60.327335357666,-10.7883024215698,-94.578727722168,-48.5490951538086,-1.04481220245361,-94.578727722168
        ,-48.5490951538086,-10.7883024215698,-93.7879257202148,-48.5490951538086,-1.04481220245361,-93.7879257202148,-48.5490951538086
        ,15.7616777420044,-94.578727722168,-26.6652412414551,25.5051689147949,-94.578727722168,-26.6652412414551,15.7616777420044
        ,-93.7879257202148,-26.6652412414551,25.5051689147949,-93.7879257202148,-26.6652412414551,15.7616777420044,-94.578727722168
        ,-14.886999130249,25.5051689147949,-94.578727722168,-14.886999130249,15.7616777420044,-93.7879257202148,-14.886999130249
        ,25.5051689147949,-93.7879257202148,-14.886999130249,9.74826526641846,-94.578727722168,6.99685287475586,19.491756439209
        ,-94.578727722168,6.99685287475586,9.74826526641846,-93.7879257202148,6.99685287475586,19.491756439209,-93.7879257202148
        ,6.99685287475586,9.74826526641846,-94.578727722168,18.7750949859619,19.491756439209,-94.578727722168,18.7750949859619
        ,9.74826526641846,-93.7879257202148,18.7750949859619,19.491756439209,-93.7879257202148,18.7750949859619,-4.10605144500732
        ,-94.578727722168,6.99685287475586,5.63743877410889,-94.578727722168,6.99685287475586,-4.10605144500732,-93.7879257202148
        ,6.99685287475586,5.63743877410889,-93.7879257202148,6.99685287475586,-4.10605144500732,-94.578727722168,18.7750949859619
        ,5.63743877410889,-94.578727722168,18.7750949859619,-4.10605144500732,-93.7879257202148,18.7750949859619,5.63743877410889
        ,-93.7879257202148,18.7750949859619,-19.0711250305176,-94.578727722168,6.99685287475586,-9.32763385772705,-94.578727722168
        ,6.99685287475586,-19.0711250305176,-93.7879257202148,6.99685287475586,-9.32763385772705,-93.7879257202148,6.99685287475586
        ,-19.0711250305176,-94.578727722168,18.7750949859619,-9.32763385772705,-94.578727722168,18.7750949859619,-19.0711250305176
        ,-93.7879257202148,18.7750949859619,-9.32763385772705,-93.7879257202148,18.7750949859619,-11.5297574996948,-94.578727722168
        ,-26.6652412414551,-1.78626728057861,-94.578727722168,-26.6652412414551,-11.5297574996948,-93.7879257202148,-26.6652412414551
        ,-1.78626728057861,-93.7879257202148,-26.6652412414551,-11.5297574996948,-94.578727722168,-14.886999130249,-1.78626728057861
        ,-94.578727722168,-14.886999130249,-11.5297574996948,-93.7879257202148,-14.886999130249,-1.78626728057861,-93.7879257202148
        ,-14.886999130249,-31.8095054626465,-94.578727722168,-26.6652412414551,-22.0660133361816,-94.578727722168,-26.6652412414551
        ,-31.8095054626465,-93.7879257202148,-26.6652412414551,-22.0660133361816,-93.7879257202148,-26.6652412414551,-31.8095054626465
        ,-94.578727722168,-14.886999130249,-22.0660133361816,-94.578727722168,-14.886999130249,-31.8095054626465,-93.7879257202148
        ,-14.886999130249,-22.0660133361816,-93.7879257202148,-14.886999130249,-49.7045402526855,-94.578727722168,-26.6652412414551
        ,-39.9610481262207,-94.578727722168,-26.6652412414551,-49.7045402526855,-93.7879257202148,-26.6652412414551,-39.9610481262207
        ,-93.7879257202148,-26.6652412414551,-49.7045402526855,-94.578727722168,-14.886999130249,-39.9610481262207,-94.578727722168
        ,-14.886999130249,-49.7045402526855,-93.7879257202148,-14.886999130249,-39.9610481262207,-93.7879257202148,-14.886999130249
        ,-66.6553115844727,-94.578727722168,-26.6652412414551,-56.9118194580078,-94.578727722168,-26.6652412414551,-66.6553115844727
        ,-93.7879257202148,-26.6652412414551,-56.9118194580078,-93.7879257202148,-26.6652412414551,-66.6553115844727,-94.578727722168
        ,-14.886999130249,-56.9118194580078,-94.578727722168,-14.886999130249,-66.6553115844727,-93.7879257202148,-14.886999130249
        ,-56.9118194580078,-93.7879257202148,-14.886999130249,-54.1784477233887,-94.578727722168,6.99685287475586,-44.4349555969238
        ,-94.578727722168,6.99685287475586,-54.1784477233887,-93.7879257202148,6.99685287475586,-44.4349555969238,-93.7879257202148
        ,6.99685287475586,-54.1784477233887,-94.578727722168,18.7750949859619,-44.4349555969238,-94.578727722168,18.7750949859619
        ,-54.1784477233887,-93.7879257202148,18.7750949859619,-44.4349555969238,-93.7879257202148,18.7750949859619,-71.1292190551758
        ,-94.578727722168,6.99685287475586,-61.3857307434082,-94.578727722168,6.99685287475586,-71.1292190551758,-93.7879257202148
        ,6.99685287475586,-61.3857307434082,-93.7879257202148,6.99685287475586,-71.1292190551758,-94.578727722168,18.7750949859619
        ,-61.3857307434082,-94.578727722168,18.7750949859619,-71.1292190551758,-93.7879257202148,18.7750949859619,-61.3857307434082
        ,-93.7879257202148,18.7750949859619,-54.1784477233887,-94.578727722168,-60.327335357666,-44.4349555969238,-94.578727722168
        ,-60.327335357666,-54.1784477233887,-93.7879257202148,-60.327335357666,-44.4349555969238,-93.7879257202148,-60.327335357666
        ,-54.1784477233887,-94.578727722168,-48.5490951538086,-44.4349555969238,-94.578727722168,-48.5490951538086,-54.1784477233887
        ,-93.7879257202148,-48.5490951538086,-44.4349555969238,-93.7879257202148,-48.5490951538086,-71.7395553588867,-94.910285949707
        ,-85.1527404785156,-61.9960670471191,-94.910285949707,-85.1527404785156,-71.7395553588867,-94.1194763183594,-85.1527404785156
        ,-61.9960670471191,-94.1194763183594,-85.1527404785156,-71.7395553588867,-94.910285949707,-50.4247589111328,-61.9960670471191
        ,-94.910285949707,-50.4247589111328,-71.7395553588867,-94.1194763183594,-50.4247589111328,-61.9960670471191,-94.1194763183594
        ,-50.4247589111328,-153.554763793945,-108.702377319336,-83.2770767211914,-143.811264038086,-108.702377319336,-83.2770767211914
        ,-153.554763793945,-107.911567687988,-83.2770767211914,-143.811264038086,-107.911567687988,-83.2770767211914,-153.554763793945
        ,-108.702377319336,-48.5490951538086,-143.811264038086,-108.702377319336,-48.5490951538086,-153.554763793945,-107.911567687988
        ,-48.5490951538086,-143.811264038086,-107.911567687988,-48.5490951538086,-126.082580566406,-108.726165771484,6.99685287475586
        ,-116.339096069336,-108.726165771484,6.99685287475586,-126.082580566406,-107.935363769531,6.99685287475586,-116.339096069336
        ,-107.935363769531,6.99685287475586,-126.082580566406,-108.726165771484,18.7750949859619,-116.339096069336,-108.726165771484
        ,18.7750949859619,-126.082580566406,-107.935363769531,18.7750949859619,-116.339096069336,-107.935363769531,18.7750949859619
        ,-143.033355712891,-108.726165771484,6.99685287475586,-133.289855957031,-108.726165771484,6.99685287475586,-143.033355712891
        ,-107.935363769531,6.99685287475586,-133.289855957031,-107.935363769531,6.99685287475586,-143.033355712891,-108.726165771484
        ,18.7750949859619,-133.289855957031,-108.726165771484,18.7750949859619,-143.033355712891,-107.935363769531,18.7750949859619
        ,-133.289855957031,-107.935363769531,18.7750949859619
		PolygonVertexIndex: 0,2,3,-2,4,5,7,-7,0,1,5,-5,1,3,7,-6,2,0,4,-7,8,10,11,-10,12,13,15,-15,8,9,13,-13,9,11,15,-14,10,8,12,-15,20,21,23
        ,-23,22,23,25,-25,16,17,21,-21,23,21,17,19,-26,19,18,24,-26,22,24,18,16,-21,30,31,33,-33,32,33,35,-35,26,27,31,-31
        ,33,31,27,29,-36,29,28,34,-36,32,34,28,26,-31,38,39,41,-41,40,41,43,-43,40,42,37,36,-39,46,47,49,-49,48,49,51,-51
        ,48,50,45,44,-47,54,55,57,-57,56,57,59,-59,56,58,53,52,-55,64,65,67,-67,66,67,69,-69,60,61,65,-65,63,62,68,-70,78
        ,79,80,-82,70,71,75,-75,71,73,77,-76,73,72,76,-78,72,70,74,-77,75,82,83,-75,77,85,82,-76,76,84,85,-78,74,83,84,-77
        ,79,78,83,-83,80,79,82,-86,81,80,85,-85,78,81,84,-84,94,95,96,-98,86,87,91,-91,87,89,93,-92,89,88,92,-94,88,86,90
        ,-93,91,98,99,-91,93,101,98,-92,92,100,101,-94,90,99,100,-93,95,94,99,-99,96,95,98,-102,97,96,101,-101,94,97,100,-100
        ,110,111,112,-114,102,103,107,-107,103,105,109,-108,105,104,108,-110,104,102,106,-109,107,114,115,-107,109,117,114
        ,-108,108,116,117,-110,106,115,116,-109,111,110,115,-115,112,111,114,-118,113,112,117,-117,110,113,116,-116,126,127
        ,128,-130,118,119,123,-123,119,121,125,-124,121,120,124,-126,120,118,122,-125,123,130,131,-123,125,133,130,-124,124
        ,132,133,-126,122,131,132,-125,127,126,131,-131,128,127,130,-134,129,128,133,-133,126,129,132,-132,142,143,144,-146
        ,134,135,139,-139,135,137,141,-140,137,136,140,-142,136,134,138,-141,139,146,147,-139,141,149,146,-140,140,148,149
        ,-142,138,147,148,-141,143,142,147,-147,144,143,146,-150,145,144,149,-149,142,145,148,-148,150,152,153,-152,154,155
        ,157,-157,150,151,155,-155,151,153,157,-156,152,150,154,-157,158,160,161,-160,162,163,165,-165,158,159,163,-163,159
        ,161,165,-164,160,158,162,-165,166,168,169,-168,170,171,173,-173,166,167,171,-171,167,169,173,-172,168,166,170,-173
        ,174,176,177,-176,178,179,181,-181,174,175,179,-179,175,177,181,-180,176,174,178,-181,182,184,185,-184,186,187,189
        ,-189,182,183,187,-187,183,185,189,-188,184,182,186,-189,190,192,193,-192,194,195,197,-197,190,191,195,-195,191,193
        ,197,-196,192,190,194,-197,198,200,201,-200,202,203,205,-205,198,199,203,-203,199,201,205,-204,200,198,202,-205,206
        ,208,209,-208,210,211,213,-213,206,207,211,-211,207,209,213,-212,208,206,210,-213,214,216,217,-216,218,219,221,-221
        ,214,215,219,-219,215,217,221,-220,216,214,218,-221,222,224,225,-224,226,227,229,-229,222,223,227,-227,223,225,229
        ,-228,224,222,226,-229,230,232,233,-232,234,235,237,-237,230,231,235,-235,231,233,237,-236,232,230,234,-237,238,240
        ,241,-240,242,243,245,-245,238,239,243,-243,239,241,245,-244,240,238,242,-245,246,248,249,-248,250,251,253,-253,246
        ,247,251,-251,247,249,253,-252,248,246,250,-253,254,256,257,-256,258,259,261,-261,254,255,259,-259,255,257,261,-260
        ,256,254,258,-261,262,264,265,-264,266,267,269,-269,262,263,267,-267,263,265,269,-268,264,262,266,-269,270,272,273
        ,-272,274,275,277,-277,270,271,275,-275,271,273,277,-276,272,270,274,-277,278,280,281,-280,282,283,285,-285,278,279
        ,283,-283,279,281,285,-284,280,278,282,-285,286,288,289,-288,290,291,293,-293,286,287,291,-291,287,289,293,-292,288
        ,286,290,-293,294,296,297,-296,298,299,301,-301,294,295,299,-299,295,297,301,-300,296,294,298,-301,302,304,305,-304
        ,306,307,309,-309,302,303,307,-307,303,305,309,-308,304,302,306,-309,310,312,313,-312,314,315,317,-317,310,311,315
        ,-315,311,313,317,-316,312,310,314,-317,318,320,321,-320,322,323,325,-325,318,319,323,-323,319,321,325,-324,320,318
        ,322,-325,326,328,329,-328,330,331,333,-333,326,327,331,-331,327,329,333,-332,328,326,330,-333,334,336,337,-336,338
        ,339,341,-341,334,335,339,-339,335,337,341,-340,336,334,338,-341,342,344,345,-344,346,347,349,-349,342,343,347,-347
        ,343,345,349,-348,344,342,346,-349,350,352,353,-352,354,355,357,-357,350,351,355,-355,351,353,357,-356,352,350,354
        ,-357,358,360,361,-360,362,363,365,-365,358,359,363,-363,359,361,365,-364,360,358,362,-365,366,368,369,-368,370,371
        ,373,-373,366,367,371,-371,367,369,373,-372,368,366,370,-373,374,376,377,-376,378,379,381,-381,374,375,379,-379,375
        ,377,381,-380,376,374,378,-381,382,384,385,-384,386,387,389,-389,382,383,387,-387,383,385,389,-388,384,382,386,-389
        ,390,392,393,-392,394,395,397,-397,390,391,395,-395,391,393,397,-396,392,390,394,-397,398,400,401,-400,402,403,405
        ,-405,398,399,403,-403,399,401,405,-404,400,398,402,-405,406,408,409,-408,410,411,413,-413,406,407,411,-411,407,409
        ,413,-412,408,406,410,-413
		Edges: 0,1,2,3,4,5,6,7,9,11,13,19,20,21,22,23,24,25,26,27,29,31,33,39,40,41,42,43,45,46,47,48,49,51,54,55,57,58,63,66,67
        ,68,69,71,72,73,74,75,77,80,81,83,84,89,92,93,94,95,97,98,99,101,102,103,105,106,107,108,110,111,112,114,115,116,118
        ,119,120,121,123,124,125,127,128,129,131,132,133,134,136,137,138,139,140,142,143,144,146,147,148,149,150,151,152,153
        ,154,155,156,157,159,160,161,163,165,167,168,169,171,172,175,176,180,184,186,190,194,199,200,201,202,203,204,205,206
        ,207,208,209,211,212,213,215,217,219,220,221,223,224,227,228,232,236,238,242,246,251,252,253,254,255,256,257,258,259
        ,260,261,263,264,265,267,269,271,272,273,275,276,279,280,284,288,290,294,298,303,304,305,306,307,308,309,310,311,312
        ,313,315,316,317,319,321,323,324,325,327,328,331,332,336,340,342,346,350,355,356,357,358,359,360,361,362,363,364,365
        ,367,368,369,371,373,375,376,377,379,380,383,384,388,392,394,398,402,407,408,409,410,411,412,413,414,416,418,420,426
        ,427,428,429,430,431,432,433,434,436,438,440,446,447,448,449,450,451,452,453,454,456,458,460,466,467,468,469,470,471
        ,472,473,474,476,478,480,486,487,488,489,490,491,492,493,494,496,498,500,506,507,508,509,510,511,512,513,514,516,518
        ,520,526,527,528,529,530,531,532,533,534,536,538,540,546,547,548,549,550,551,552,553,554,556,558,560,566,567,568,569
        ,570,571,572,573,574,576,578,580,586,587,588,589,590,591,592,593,594,596,598,600,606,607,608,609,610,611,612,613,614
        ,616,618,620,626,627,628,629,630,631,632,633,634,636,638,640,646,647,648,649,650,651,652,653,654,656,658,660,666,667
        ,668,669,670,671,672,673,674,676,678,680,686,687,688,689,690,691,692,693,694,696,698,700,706,707,708,709,710,711,712
        ,713,714,716,718,720,726,727,728,729,730,731,732,733,734,736,738,740,746,747,748,749,750,751,752,753,754,756,758,760
        ,766,767,768,769,770,771,772,773,774,776,778,780,786,787,788,789,790,791,792,793,794,796,798,800,806,807,808,809,810
        ,811,812,813,814,816,818,820,826,827,828,829,830,831,832,833,834,836,838,840,846,847,848,849,850,851,852,853,854,856
        ,858,860,866,867,868,869,870,871,872,873,874,876,878,880,886,887,888,889,890,891,892,893,894,896,898,900,906,907,908
        ,909,910,911,912,913,914,916,918,920,926,927,928,929,930,931,932,933,934,936,938,940,946,947,948,949,950,951,952,953
        ,954,956,958,960,966,967,968,969,970,971,972,973,974,976,978,980,986,987,988,989,990,991,992,993,994,996,998,1000
        ,1006,1007,1008,1009,1010,1011,1012,1013,1014,1016,1018,1020,1026,1027,1028,1029,1030,1031,1032,1033,1034,1036,1038
        ,1040,1046,1047,1048,1049,1050,1051,1052,1053,1054,1056,1058,1060,1066
		GeometryVersion: 124
		LayerElementNormal: 0 {
			Version: 101
			Name: ""
			MappingInformationType: "ByPolygonVertex"
			ReferenceInformationType: "Direct"
			Normals: 0,0,-1,0,0,-1,0,0,-1,0,0,-1,4.17910195338322e-009,0,1,4.17910195338322e-009,0,1,4.17910195338322e-009,0,1,4.17910195338322e-009
             ,0,1,0,-1,0,0,-1,0,0,-1,0,0,-1,0,1,0,0,1,0,0,1,0,0,1,0,0,-1,0,0,-1,0,0,-1,0,0,-1,0,0,0,0,-1,0,0,-1,0,0,-1,0,0
             ,-1,0,0,1,0,0,1,0,0,1,0,0,1,0,-1,0,0,-1,0,0,-1,0,0,-1,0,1,0,0,1,0,0,1,0,0,1,0,0,-1,0,0,-1,0,0,-1,0,0,-1,0,0,0.736258506774902
             ,9.35496942133796e-008,0.676700413227081,0.736258506774902,9.35496942133796e-008,0.676700413227081,0.00534234242513776
             ,3.5139811060958e-009,0.999985694885254,0.00534245418384671,3.51399442877209e-009,0.999985694885254,0.00534245418384671
             ,3.51399442877209e-009,0.999985694885254,0.00534234242513776,3.5139811060958e-009,0.999985694885254,-0.728986144065857
             ,-8.87662778836784e-008,0.684528529644012,-0.728986144065857,-8.87662778836784e-008,0.684528410434723,1,1.21780558970386e-007
             ,0,1,1.21780558970386e-007,0,1,1.21780558970386e-007,0,1,1.21780558970386e-007,0,0,1,0,0,1,0,0,1,0,0,1,0,0,1
             ,0,-1,-1.21780558970386e-007,0,-1,-1.21780558970386e-007,0,-1,-1.21780558970386e-007,0,-1,-1.21780558970386e-007
             ,0,0,-1,0,0,-1,0,0,-1,0,0,-1,0,0,-1,0,0.756883025169373,0,0.653550386428833,0.756882965564728,0,0.653550267219543
             ,0.0060336384922266,0,0.999981760978699,0.0060335798189044,0,0.999981820583344,0.0060335798189044,0,0.999981820583344
             ,0.0060336384922266,0,0.999981760978699,-0.748941600322723,0,0.662635922431946,-0.748941659927368,0,0.662636041641235
             ,1,0,0,1,0,0,1,0,0,1,0,0,-9.4859792909574e-008,0.999999940395355,-1.6360260701731e-008,-9.4859792909574e-008
             ,1,-1.63602624780879e-008,-9.4859792909574e-008,1,-1.63602624780879e-008,-9.4859792909574e-008,1,-1.63602624780879e-008
             ,-9.4859792909574e-008,1,-1.63602624780879e-008,-1,0,0,-1,0,0,-1,0,0,-1,0,0,-3.14212186915727e-015,-0.999999940395355
             ,3.31238538819889e-008,-3.14212165739903e-015,-1,3.31238538819889e-008,-3.14212165739903e-015,-1,3.31238538819889e-008
             ,-3.14212165739903e-015,-1,3.31238538819889e-008,-3.14212186915727e-015,-1,3.31238538819889e-008,0.738121151924133
             ,1.3578448943008e-007,0.674668192863464,0.738121151924133,1.3578448943008e-007,0.67466813325882,-5.62431985429157e-008
             ,-4.4025878054299e-008,1,1.12486397085831e-007,-4.40258389744486e-008,1,1.12486397085831e-007,-4.40258389744486e-008
             ,1,-5.62431985429157e-008,-4.4025878054299e-008,1,-0.738121092319489,-1.95190196450312e-007,0.674668192863464
             ,-0.738121151924133,-1.95190196450312e-007,0.674668252468109,-4.46605363571529e-015,-1,0,-4.46605363571529e-015
             ,-1,0,-4.46605363571529e-015,-1,0,-4.46605363571529e-015,-1,0,-4.46605363571529e-015,-1,0,0.738121032714844,2.54595846627126e-007
             ,0.674668312072754,0.738121092319489,2.54595875048835e-007,0.674668252468109,-1.68729556548897e-007,5.03152151054564e-008
             ,1,1.12486368664122e-007,5.03153074760121e-008,1,1.12486368664122e-007,5.03153074760121e-008,1,-1.68729556548897e-007
             ,5.03152151054564e-008,1,-0.738121151924133,-1.86703658755505e-007,0.674668312072754,-0.738121151924133,-1.8670364454465e-007
             ,0.674668252468109,-4.46605236516587e-015,-0.999999940395355,0,-4.46605278868234e-015,-1,0,-4.46605278868234e-015
             ,-1,0,-4.46605278868234e-015,-1,0,-4.46605278868234e-015,-1,0,0.738121151924133,1.27297923313563e-007,0.674668073654175
             ,0.738121211528778,1.27297937524418e-007,0.674668192863464,-1.6872962760317e-007,-9.43411961884522e-008,1,1.12486397085831e-007
             ,-9.43411251341786e-008,1,1.12486397085831e-007,-9.43411251341786e-008,1,-1.6872962760317e-007,-9.43411961884522e-008
             ,1,-0.738121211528778,-2.54595903470545e-007,0.674668073654175,-0.738121271133423,-2.54595903470545e-007,0.67466813325882
